timestamp,run
1657722482.7,95
1657722764.1000001,95
1657720814.7,95
1657722311.9,95
1657719870.2,95
1657697571.8,98
1657780329.0,103
1657784303.3000002,104
1657784966.5,104
1657784685.0,104
1657794979.8999999,105
1657795939.9,105
1657797010.1000001,106
1657795939.9,106
1657797080.4,106
1657816469.6,108
1657811108.6000001,108
1657818494.5,109
1657819298.3,109
1657824086.7,109
1657842089.2,112
1657852695.2,113
1657870537.1999998,116
1657969880.3,124
1657970629.1000001,124
1657969428.4,124
1657976115.5,125
1657978155.8,125
1657978889.1,125
1657982436.3,126
1657978155.8,126
1657997826.3000002,128
1658015979.7,130
1658021692.4,131
1658055556.5,136
1658058290.1,136
1658058420.9,136
1658054767.8,136
1658063651.1000001,137
1658065947.3,137
1658065123.3,137
1658062852.4,137
1658061289.8000002,137
1658070846.3000002,138
1658069545.0,138
1658082432.5,140
1658092898.6,141
1658104414.6,143
1658158266.4,148
1658160793.6,148
1658171766.9,149
1658171766.9,150
1658185493.6000001,151
1658227387.3000002,158
1658233642.6,158
1658227929.1,158
1658237139.8,159
1658235170.1000001,159
1658237139.8,160
1658244580.6,160
1658244189.1,160
1658250891.5,161
1658254971.4,161
1658250755.9,161
1658262935.0,162
1658262618.3,162
1658262437.7,162
1658262935.0,163
1658262618.3,163
1658281057.3999999,165
1658316249.3000002,170
1658312269.7,170
1658313103.8,170
1658313299.9,170
1658312033.5,170
1658314163.8,170
1658316249.3000002,171
1658319368.7,171
1658320293.6,171
1658321967.1000001,171
1658317736.6,171
1658322745.9,171
1658321143.1000001,171
1658329699.7,172
1658326860.8,172
1658327649.6,172
1658328714.9,172
1658330177.1,172
1658330237.2,172
1658335869.7,173
1658336070.6000001,173
1658331302.6,173
1658338849.1000001,174
1658344044.4,174
1658349847.7,175
1658348646.7,175
1658399111.6000001,182
1658402800.0,183
1658404336.6999998,183
1658412472.0,184
1658424229.3,186
1658453586.8,190
1658485421.5,194
1658486028.8,194
1658483793.8000002,194
1658486868.7,194
1658494700.6000001,195
1658488265.3,195
1658494700.6000001,196
1658497053.2,196
1658518974.8000002,199
1658530430.3,200
1658530430.3,201
1658572706.1,206
1658571982.3999999,206
1658572624.8,206
1658572941.9,206
1658578036.7,207
1658578659.8,207
1658575590.0,207
1658579619.4,207
1658584784.6,208
1658588251.6000001,208
1658586673.9,208
1658582378.1,208
1658588251.6000001,209
1658594180.4,209
1658594476.9,209
1658590849.1,209
1658594291.0,209
1658598265.3000002,210
1658617132.0,212
1658617132.0,213
1658656744.3999999,218
1658657774.3,218
1658659276.7,218
1658660165.8999999,218
1658662321.3999999,219
1658661583.1000001,219
1658662015.1,219
1658660165.8999999,219
1658674164.0,220
1658674455.6000001,220
1658669506.6000001,220
1658671601.7,220
1658667793.3000002,220
1658668335.9,220
1658679932.4,221
1658674455.6000001,221
1658678832.0,221
1658675711.7,221
1658680369.2,221
1658684057.3000002,222
1658683987.1,222
1658691408.2,223
1658690759.8,223
1658706712.3,225
1658706255.1,225
1658746520.8999999,230
1658744913.2,230
1658746360.1,230
1658747098.2,231
1658751675.6999998,231
1658747932.8000002,231
1658746520.8999999,231
1658753861.8,231
1658748269.3999999,231
1658758765.5,232
1658757036.9,232
1658759303.2,232
1658753861.8,232
1658758876.0,232
1658763920.7,233
1658762815.2,233
1658769331.9,234
1658791253.2,237
1658829745.7,242
1658831549.3000002,242
1658831504.2,242
1658833006.4,242
1658837342.5,243
1658839070.9,243
1658833006.4,243
1658847416.3999999,244
1658844607.8000002,244
1658848947.3,245
1658847416.3999999,245
1658853898.1,245
1658850999.0,245
1658855963.0,246
1658862655.7,247
1658876427.5,248
1658876427.5,249
1658886290.6,250
1658903514.1,252
1658904674.7,252
1658910091.2,253
1658918502.0,254
1658918727.5,254
1658916456.7,254
1658923300.4,255
1658930565.6,256
1659462044.5,257
1659464576.8,257
1659458869.0,257
1659472746.2,258
1659473701.2,259
1659490934.8,261
1659521488.4,265
1659523126.3000002,265
1659530356.3,266
1659524397.3999999,266
1659530869.1,266
1659530044.6999998,266
1659529035.2,266
1659525060.8000002,266
1659527316.8,266
1659526030.6,266
1659531130.2,266
1659530517.2,266
1659535591.9,267
1659530869.1,267
1659535928.4,267
1659532546.9,267
1659536425.8999999,267
1659531130.2,267
1659533225.4,267
1659541571.1,268
1659542972.8000002,268
1659543616.0,268
1659541335.0,268
1659543847.2,268
1659543786.9,268
1659544324.5,268
1659542309.6000001,268
1659545344.5,268
1659546701.0,269
1659546027.8,269
1659550429.2,269
1659548153.0,269
1659547349.2,269
1659546153.3000002,269
1659545344.5,269
1659558915.3000002,270
1659555950.6,270
1659556729.5,270
1659559965.4,270
1659553097.0,270
1659558558.6000001,270
1659559965.4,271
1659578092.8,273
1659610169.3999999,277
1659608591.7,277
1659612264.8,278
1659611330.1000001,278
1659610169.3999999,278
1659613430.0,278
1659631201.8,280
1659633291.7,281
1659660187.3,284
1659678074.6000001,287
1659696006.7,289
1659696860.9,289
1659696846.0,289
1659694645.2,289
1659698443.7,290
1659698986.3000002,290
1659696860.9,290
1659698498.9,290
1659696846.0,290
1659710648.0,291
1659710351.5,291
1659706196.2,291
1659704568.4,291
1659705839.7,291
1659706553.1000001,291
1659705548.2,291
1659717676.9,292
1659715808.0,292
1659715682.2,292
1659723369.8000002,293
1659742311.6,296
1659782406.4,301
1659782175.7,301
1659780196.1000001,301
1659785019.6,302
1659799062.7,304
1659806001.5,305
1659812070.8,305
1659812070.8,306
1659827199.2,308
1659836238.3,309
1659851573.0,311
1659862069.2,312
1659855919.2,312
1659866560.6,313
1659867892.1,313
1659868881.8,313
1659913262.3,319
1659916829.6000001,320
1659913262.3,320
1659955598.7,325
1659953393.0,325
1659955513.3000002,325
1659954568.8000002,325
1659960291.5,326
1659961824.1,326
1659969822.9,327
1659966763.1,327
1659972867.8,328
1659973686.8,328
1659972450.7,328
1659976886.8999999,328
1659976686.3000002,328
1659978128.3000002,329
1659979183.5,329
1659982956.9,329
1659990669.2,330
1659989337.7,330
1659989106.8,330
1660001044.1,332
1660022599.3999999,335
1660039968.9,337
1660042446.1,337
1660044993.1000001,338
1660051178.4,340
1660057252.8,340
1660055796.0,340
1660054388.8,340
1660057252.8,341
1660058825.6000001,341
1660058951.1,341
1660062699.5,364
1660062699.5,365
1660069708.5,414
1660069708.5,419
1660095644.3,434
1660095644.3,435
1660127926.3,439
1660130000.9,439
1660128871.1000001,439
1660134558.7,440
1660149521.3,440
1660135267.1,440
1660134664.4,440
1660139954.8999999,441
1660144085.2,441
1660141743.8,441
1660151083.9,442
1660148722.5,442
1660152671.7,442
1660149521.3,442
1660149571.8,442
1660152320.0,442
1660155389.8999999,443
1660154108.8000002,443
1660172663.6999998,445
1660181813.1999998,446
1660187511.3,447
1660205096.6,450
1660211487.7,451
1660213618.0,451
1660212763.8,451
1660214321.6,451
1660219451.5,452
1660220476.2,452
1660237609.8,454
1660245297.2,455
1660267745.2,458
1660297214.1,462
1660299465.4,463
1660302565.5,463
1660301819.1,463
1660299641.3000002,463
1660300093.3999999,463
1660298279.5,463
1660313945.9,467
1660315804.9,467
1660317950.3000002,468
1660346830.6,473
1660384141.7,478
1660386744.3999999,479
1660391356.8,479
1660387508.3,479
1660385794.7,479
1660390749.2,479
1660386317.5,479
1660400556.8,481
1660404048.9,481
1660411108.2,482
1660406988.0,482
1660411133.3000002,482
1660410038.1,482
1660407576.0,482
1660406817.2,482
1660407293.3,482
1660431095.2,484
1660386744.3999999,485
1660444962.6,486
1660473179.6,489
1660470777.8,489
1660473104.6,489
1660472436.2,489
1660472958.9,489
1660473179.6,490
1660473104.6,490
1660474983.7,490
1660479631.2,490
1660475209.6000001,490
1660485685.6,491
1660483218.8,491
1660483550.2,491
1660490167.3999999,492
1660488172.8000002,492
1660495408.0,492
1660490760.5,492
1660494091.5,492
1660492745.1,492
1660497362.3999999,493
1660500603.2,493
1660502226.2,493
1660495408.0,493
1660498940.2,493
1660497317.4,493
1660502226.2,494
1660495408.0,494
1660503728.4,494
1660510350.5,495
1660518112.9,496
1660559163.0,501
1660557840.6999998,501
1660559283.1,501
1660562936.3000002,502
1660560268.1000001,502
1660563664.5,502
1660564945.8999999,502
1660561836.0,502
1660573256.5,503
1660568161.8,503
1660570502.8,503
1660575200.9,504
1660574417.0,504
1660587274.5,505
1660588510.6000001,505
1660590394.7,506
1660588510.6000001,506
1660589967.7,506
1660598092.2,507
1660596142.8,507
1660603833.7,508
1660645100.8,513
1660643055.3999999,513
1660653049.4,514
1660652290.4,514
1660646598.0,514
1660651039.6000001,514
1660650285.9,514
1660648984.6000001,514
1660656084.0,515
1660656265.1,515
1660655179.5,515
1660653692.6,515
1660659299.6,515
1660659169.2,515
1660653958.6,515
1660656561.4,515
1660658103.7,515
1660658309.8,515
1660661188.8,516
1660662791.8,516
1660665072.9,516
1660667660.3,516
1660663937.2,516
1660661374.8000002,516
1660666972.1,516
1660668293.4,517
1660671795.6,517
1660673629.5,517
1660674005.8999999,517
1660670463.8999999,517
1660667660.3,517
1660672850.6000001,517
1660676448.2,518
1660685904.1,519
1660691008.9,520
1660701358.3,521
1660732344.7,525
1660734786.7,526
1660733349.8,526
1660734726.5,526
1660740549.5,527
1660745818.4,527
1660744710.0,527
1660745818.4,528
1660748357.7,528
1660778654.7,532
1660786407.4,533
1660801124.2,535
1660817623.7,537
1660819226.5,537
1660812379.0,537
1660826427.3,538
1660819226.5,538
1660819825.0,538
1660819995.8,538
1660826427.3,539
1660831908.7,539
1660828562.5,539
1660840194.1000001,540
1660846801.3,541
1660844424.7,541
1660861035.2,543
1660855915.5,543
1660863964.6,544
1660873342.8000002,545
1660904778.0,549
1660906260.3000002,550
1660908943.3000002,550
1660907345.7,550
1660906355.6,550
1660922730.2,552
1660927242.4,552
1660952354.1,556
1660992288.6,561
1660991288.2,561
1660992971.6000001,562
1660995760.3,562
1660992288.6,562
1661001451.1,563
1661011828.3999999,564
1661014441.1,565
1661018988.4,565
1661028806.1,567
1661036874.6,568
1661078171.0,574
1661078472.5,574
1661076502.3,574
1661082683.0,575
1661084501.1000001,575
1661082094.3,575
1661084426.4,575
1661079969.7,575
1661092485.7,576
1661087054.3,576
1661097585.1,577
1661097585.1,578
1661108659.2,579
1661117919.1,580
1661126852.5,581
1661144367.9,585
1661164842.2,586
1661144367.9,586
1661162435.5,586
1661164997.9,586
1661165631.2,587
1661164997.9,587
1661167254.1000001,587
1661170449.4,587
1661177609.4,588
1661174483.8,588
1661176378.4,588
1661182880.0,589
1661193245.4,590
1661196375.7,591
1661209258.4,593
1661250885.6000001,598
1661249991.3000002,598
1661249041.5,598
1661255136.3000002,599
1661274465.3000002,601
1661274465.3000002,602
1661295869.3000002,605
1661337361.0,610
1661337054.3999999,610
1661338696.0,611
1661359257.5,613
1661390830.0,618
1661412958.5,621
1661412983.6000001,621
1661420550.3,622
1661423399.4,622
1661423173.2,622
1661423560.0,622
1661422448.0,622
1661426574.6,623
1661436086.0,624
1661433357.7,624
1661438070.3,624
1661432654.1000001,624
1661445230.3,625
1661445089.6,625
1661439728.7,625
1661446988.8999999,626
1661468071.5,628
1661468071.5,629
1661478024.9,630
1661491475.2,632
1661498956.6000001,633
1661510039.8999999,637
1661513070.2,637
1661509734.0,637
1661514944.4,638
1661518456.5,638
1661517501.8,638
1661515064.9,638
1661519235.2,638
1661516632.5,638
1661525641.3000002,639
1661529062.7,639
1661524178.8999999,639
1661522274.9,639
1661524515.8000002,639
1661531238.5,640
1661531539.8999999,640
1661532263.6,640
1661529062.7,640
1661529846.9,640
1661533650.3,640
1661533700.5,640
1661597378.9,649
1661597304.8,649
1661598676.5,649
1661595410.5,649
1661610559.2,651
1661619723.6,652
1661620386.7,652
1661628401.0,653
1661650477.8999999,656
1661671023.1000001,659
1661682418.5,661
1661684638.9,661
1661684322.7,661
1661684619.2,661
1661684574.0,661
1661686930.3,661
1661685290.8,661
1661695662.8,663
1661728260.4,667
1661763713.8,672
1661763482.3999999,672
1661770345.8,673
1661770044.2,673
1661768411.1999998,673
1661770099.7,673
1661772616.6999998,673
1661815676.3000002,679
1661855705.9,685
1661855394.3,685
1661856123.0,685
1661899383.2,691
1661910276.1,692
1661939995.5,696
1661945346.8,697
1661939995.5,697
1661944210.5,697
1661940985.1999998,697
1661941909.9,697
1661950938.3000002,698
1661957189.3,699
1662009312.5,706
1662016472.3,707
1662022597.0,708
1662025988.5,708
1662028405.2,709
1662027324.6,709
1662029500.6000001,709
1662035359.3,710
1662045428.0,711
1662042092.0,711
1662047026.1,711
1662054878.9,712
1662054878.9,713
1662063390.5,714
1662073087.2,715
1662082498.4,716
1662089105.3,717
1662096461.2,718
1662103043.3000002,719
1662112840.7,720
1662116322.7,721
1662113750.3000002,721
1662112840.7,721
1662113880.8,721
1662116076.5,721
1662115106.8,721
1662116176.9,721
1662155593.7,726
1662159471.8,727
1662171722.1000001,729
1662179700.9,730
1662187217.5,731
1662199336.1,732
1662199336.1,733
1662201396.3,733
1662200914.2,733
1662202587.2,733
1662205772.7,733
1662206777.7,734
1662246239.5,739
1662254811.0,740
1662254931.5,740
1662260503.8,741
1662265387.5,742
1662269427.1000001,742
1662264945.3000002,742
1662277119.3,743
1662275943.7,743
1662271833.8000002,743
1662281179.4,744
1662281827.4,744
1662286017.4,744
1662287213.6000001,745
1662287775.4,745
1662287977.3000002,745
1662289253.3,745
1662286017.4,745
1662288308.7,745
1662291182.8,745
1662332201.0,751
1662347446.5,753
1662355405.2,754
1662362283.5,755
1662359977.3000002,755
1662363730.7,755
1662372517.6000001,756
1662374075.8,757
1662377090.3999999,757
1662374808.6,757
1662372517.6000001,757
1662374070.8000002,757
1662388038.7,759
1662398660.4,760
1662397615.2,760
1662419697.5,763
1662446964.8,767
1662462947.4,769
1662460742.1,769
1662461797.1000001,769
1662462515.7,769
1662475091.9,771
1662506931.1,775
1662514759.2,776
1662525567.2,778
1662549724.7,781
1662550221.8,781
1662547132.0,781
1662548398.4,781
1662549237.0,781
1662555588.2,782
1662569113.8,784
1662603199.1,789
1662621960.7,791
1662636647.2,794
1662637436.0,794
1662638345.1000001,794
1662636330.6000001,794
1662634557.2,794
1662643435.1000001,795
1662646455.1,796
1662654865.9,797
1662658408.1000001,797
1662663437.7,798
1662687991.7,801
1662707496.8,804
1662720108.0,806
1662720248.7,806
1662723906.1999998,806
1662721821.4,806
1662720389.2,806
1662723328.8,806
1662732588.8,807
1662727579.4,807
1662732588.8,808
1662735322.1,808
1662753771.7,810
1662755530.4,811
1662784657.0,815
1662794364.0,816
1662803930.3999999,817
1662803312.1999998,817
1662805432.5,818
1662805362.3999999,818
1662807075.7,818
1662812853.7,819
1662816436.2,819
1662850365.9,824
1662861118.7,825
1662891174.7,829
1662896224.2,830
1662893727.0,830
1662892420.6,830
1662895731.8000002,830
1662893475.8,830
1662891174.7,830
1662895887.7,830
1662895379.8,830
1662903504.6000001,831
1662912352.4,832
1662908750.1000001,832
1662918834.1000001,833
1662914322.2,833
1662913236.9,833
1662915744.2,833
1662917713.7,833
1662920954.3,834
1662931299.7,835
1662937449.0,836
1662942499.2,837
1662961099.7,839
1662977061.8,841
1662979936.1,842
1662980162.2,842
1662980222.6000001,842
1662984729.3999999,842
1662986734.2,843
1662986709.2,843
1662991939.3999999,843
1662985382.8,843
1662987503.1,843
1662991306.4,843
1662986945.2,843
1662984729.3999999,843
1662988608.3000002,843
1662991939.3999999,844
1662995235.5,844
1662993607.6000001,844
1662994838.7,844
1662997622.1,844
1662997129.8000002,844
1662988608.3000002,844
1663002129.2,845
1663002696.6000001,845
1663000144.5,845
1663000707.1000001,845
1663006857.1,846
1663024743.8,848
1663063844.0,853
1663066023.8999999,854
1663068119.9,854
1663067391.0,854
1663068883.0,854
1663066577.4,854
1663073465.9,855
1663075797.0,855
1663081680.7,856
1663080233.6000001,856
1663081580.3000002,856
1663082288.7,856
1663094186.6000001,858
1663110610.9,860
1663120775.4,861
1663150645.9,865
1663149400.0,865
1663152051.6,866
1663154233.5,866
1663150645.9,866
1663155831.1000001,866
1663157142.6000001,866
1663152424.8,866
1663164629.0,867
1663163282.6,867
1663174175.3,869
1663173115.4,869
1663197237.5,872
1663206572.3,873
1663226831.4,876
1663242125.6000001,878
1663242975.0,878
1663237498.1000001,878
1663239980.1000001,878
1663238040.7,878
1663241884.1000001,878
1663250893.4,879
1663249400.8,879
1663249250.4,879
1663247376.4,879
1663248788.2,879
1663245863.4,879
1663255636.6,880
1663254455.6,880
1663254651.7,880
1663283335.9,884
1663292696.7,885
1663312075.8000002,888
1663322139.8,889
1663323355.3999999,889
1663326209.6,890
1663325435.9,890
1663324887.4,890
1663326088.9,890
1663346578.6000001,893
1663370575.3,896
1663399053.8,900
1663405047.8000002,901
1663413021.3,902
1663412499.0,902
1663414775.0,902
1663412935.8,902
1663419261.9,903
1663425461.3999999,904
1663428109.9,904
1663456332.0,908
1663467029.0,909
1663465587.1000001,909
1663470973.2,910
1663473284.5,910
1663480765.9,911
1663479554.8999999,911
1663477680.9,911
1663481439.2,911
1663476861.9,911
1663477716.1000001,911
1663475585.5,911
1663482187.7,911
1663483735.3000002,912
1663483247.8,912
1663485383.3000002,912
1663482187.7,912
1663486192.4,912
1663488654.1,912
1663492005.6,913
1663496552.7,913
1663492412.5,913
1663496010.0,913
1663495809.0,913
1663500517.0,914
1663501586.8,914
1663541390.5,914
1663498673.0,914
1663496552.7,914
1663500225.3,914
1663515032.3,916
1663541957.4,920
1663541390.5,920
1663541114.4,920
1663541033.9,920
1663547028.1,920
1663549545.2,921
1663547028.1,921
1663571622.4,924
1663571949.3,924
1663575928.6,924
1663582022.6000001,925
1663580676.5,925
1663577631.8000002,925
1663575928.6,925
1663585193.5,926
1663584912.3,926
1663584957.5,926
1663588424.1000001,926
1663585323.8,926
1663599422.8,928
1663614993.4,930
1663628936.1,932
1663667845.5,937
1663670307.1000001,938
1663672251.6000001,938
1663670704.3000002,938
1663673090.9,938
1663686677.0,940
1663687541.1000001,940
1663695434.5,941
1663711060.3,943
1663715110.1000001,944
1663724108.3,945
1663755803.1,949
1663755149.2,949
1663753235.3999999,949
1663758867.9,950
1663761686.6000001,950
1663758295.2,950
1663768047.5,951
1663764686.2,951
1663769720.4,951
1663768173.1000001,951
1663772951.3000002,952
1663772534.4,952
1663772931.2,952
1663772840.8000002,952
1663795249.8,955
1663810895.8000002,957
1663840781.1000001,961
1663842539.6000001,961
1663842137.2,961
1663839208.4,961
1663842630.1000001,961
1663847448.3999999,962
1663842539.6000001,962
1663842630.1000001,962
1663847473.6000001,962
1663845534.3,962
1663850568.5,963
1663853586.9,963
1663851468.0,963
1663851181.6000001,963
1663856175.9,963
1663852965.0,963
1663857813.8,964
1663859567.4,964
1663878413.8999999,966
1663878413.8999999,967
1663889260.8999999,968
1663898170.1000001,969
1663928431.7,973
1663933185.3000002,974
1663929949.7,974
1663931522.2,974
1663933662.7,974
1663929391.8000002,974
1663937315.3,975
1663951484.3,984
1663976746.6000001,994
1663990448.7,996
1663991393.2,996
1663988876.0,996
1663996040.5,997
1664004009.6000001,998
1664015977.5,1000
1664016499.8000002,1000
1664016746.3999999,1000
1664020670.6000001,1000
1664020816.2,1000
1664013736.7,1000
1664021705.5,1001
1664021790.8,1001
1664020816.2,1001
1664070683.7,1007
1664101945.2,1012
1664103191.8,1012
1664104940.1,1012
1664100216.9,1012
1664101297.0,1012
1664105990.5,1012
1664105472.9,1012
1664103161.6000001,1012
1664111255.8,1013
1664116632.0,1014
1664127751.0,1015
1664150441.1,1018
1664143558.0,1018
1664148311.1000001,1018
1664150441.1,1019
1664177201.6,1022
1664185587.4,1023
1664187848.0,1024
1664189983.3999999,1024
1664191164.4,1024
1664192209.1999998,1024
1664190506.2,1024
1664187667.4,1024
1664198500.0,1025
1664197796.5,1025
1664204961.3999999,1026
1664209011.0,1027
1664223175.0,1029
1664234113.0,1030
1664258542.1,1033
1664258542.1,1034
1664262702.2,1034
1664272896.6,1035
1664274946.8,1036
1664274549.3000002,1036
1664272896.6,1036
1664296189.8999999,1039
1664302349.9,1040
1664319980.4,1047
1664319980.4,1048
1664328813.5,1049
1664336686.9,1050
1664381911.7,1052
1664389196.9,1053
1664405872.8,1055
1664414942.3000002,1057
1664578904.1,1067
1664578904.1,1068
