timestamp,run
1656370856.8,1
1656401782.3,5
1656405264.2,6
1656413303.4,7
1656415021.5,7
1656411890.8999999,7
1656414418.7,7
1656415016.3999999,7
1656416282.8,7
1656423412.3,8
1656420176.8000002,8
1656423085.8,8
1656423719.0,8
1656431667.5,9
1656428276.2,9
1656426944.7,9
1656436621.7,10
1656433974.0,10
1656435018.9,10
1656470732.3,15
1656500366.5,19
1656499522.5,19
1656498110.7,19
1656502285.8,19
1656503612.5,19
1656503195.4,19
1656502979.2,19
1656505335.7,20
1656505370.8,20
1656514681.2,21
1656520720.4,22
1656522594.7,22
1656534075.5,24
1656543274.8999999,25
1656542732.6000001,25
1656575456.3999999,29
1656580460.8,30
1656585676.2,31
1656586495.0,31
1656592715.7,32
1656598327.8000002,32
1656595263.0,32
1656597428.5,32
1656598327.8000002,33
1656603055.8000002,33
1656598639.4,33
1656605070.7,33
1656600679.4,33
1656609698.1000001,34
1656605864.6,34
1656615295.4,35
1656616003.7,35
1656629438.8,37
1656639955.2,38
1656670282.0,42
1656672779.9,43
1656674719.2,43
1656670282.0,43
1656673487.8999999,43
1656676065.6000001,43
1656683511.8,44
1656684451.6,44
1656678452.3,44
1656680507.4,44
1656689285.1,45
1656685325.7,45
1656687973.4,45
1656750005.2,50
1656758315.6000001,51
1656757577.0,51
1656761706.4,51
1656761214.7,51
1656760782.7,51
1656767339.5,52
1656772836.0,53
1656777232.7,53
1656782392.6000001,54
1656778277.4,54
1656783070.7,54
1656785657.8999999,55
1656788497.4,55
1656785899.6,55
1657152326.0,58
1657194320.0,64
1657193581.5,64
1657191230.0,64
1657193701.6,64
1657191305.6,64
1657198229.3,65
1657207253.1,66
1657221547.3999999,68
1657237790.8999999,70
1657246749.5,71
1657278855.6000001,75
1657278474.0,75
1657281463.8000002,76
1657280016.1000001,76
1657280106.8999999,76
1657281368.1000001,76
1657291894.6,77
1657293497.4,77
1657290417.2,77
1657288714.1000001,77
1657294502.1,78
1657300772.7,78
1657299149.8000002,78
1657300772.7,79
1657317669.8000002,81
1657324538.0,82
1657355021.5,86
1657363145.9,87
1657362583.1,87
1657372908.3,88
1657368190.1,88
1657367662.9,88
1657366657.8999999,88
1657372908.3,89
1657373933.4,89
1657416992.6,95
1657449179.0,99
1657451731.1999998,99
1657449540.6,99
1657452269.2,99
1657450957.7,99
1657457258.5,100
1657452269.2,100
1657470990.3,102
1657522942.7,109
1657518777.3999999,109
1657526098.0,110
1657538438.1000001,111
1657538639.0,111
1657537629.2,111
1657538639.0,112
1657539844.9,112
1657542321.8,112
1657550280.5,113
1657560264.2,114
1657560264.2,115
1657610307.5,121
1657623275.3999999,123
1657622004.2,123
1657624360.9,123
1657623878.2,123
1657679202.3,131
1657678594.0,131
1657697571.8,133
1657697571.8,134
1657708233.3999999,135
1657710087.3999999,135
1657710604.1999998,135
1657709514.7,135
1657715799.5,136
1657722482.7,137
1657720814.7,137
1657719870.2,137
1657722764.1000001,137
1657722311.9,137
1657697571.8,139
1657780329.0,145
1657784685.0,146
1657784303.3000002,146
1657784966.5,146
1657794979.8999999,147
1657797010.1000001,147
1657797080.4,147
1657795939.9,147
1657842089.2,152
1657852695.2,153
1657870537.1999998,156
1657882601.3,157
1657882510.8,157
1657880124.1000001,157
1657881953.1,157
1657882601.3,158
1657882510.8,158
1657894941.2,159
1657895418.5,159
1657891806.0,159
1657894684.9,159
1657904452.5,160
1657902136.2,160
1657902975.3,160
1657903663.5,160
1657905406.8999999,161
1657904452.5,161
1657906818.9,161
1657905105.5,161
1657914024.0,162
1657970629.1000001,170
1657969880.3,170
1657976115.5,170
1657969428.4,170
1657978155.8,171
1657982436.3,171
1657978889.1,171
1657997826.3000002,173
1657997826.3000002,174
1658015979.7,176
1658021692.4,177
1658054767.8,181
1658055556.5,181
1658062852.4,182
1658055556.5,182
1658058290.1,182
1658058420.9,182
1658061289.8000002,182
1658062852.4,183
1658065123.3,183
1658069545.0,183
1658063651.1000001,183
1658065947.3,183
1658070846.3000002,184
1658082432.5,185
1658092898.6,187
1658104414.6,188
1658158266.4,194
1658160793.6,194
1658171766.9,196
1658185493.6000001,197
1658227929.1,204
1658227387.3000002,204
1658237139.8,205
1658233642.6,205
1658235170.1000001,205
1658237139.8,206
1658244189.1,206
1658244580.6,206
1658250891.5,207
1658250755.9,207
1658254971.4,208
1658262618.3,209
1658262437.7,209
1658262935.0,209
1658262618.3,210
1658281057.3999999,211
1658281057.3999999,212
1658312033.5,216
1658312269.7,216
1658314163.8,216
1658313103.8,216
1658313299.9,216
1658316249.3000002,217
1658319368.7,217
1658317736.6,217
1658326860.8,218
1658321967.1000001,218
1658322745.9,218
1658321143.1000001,218
1658320293.6,218
1658326860.8,219
1658327649.6,219
1658329699.7,219
1658331302.6,219
1658330177.1,219
1658330237.2,219
1658328714.9,219
1658335869.7,220
1658338849.1000001,220
1658336070.6000001,220
1658348646.7,221
1658344044.4,221
1658348646.7,222
1658349847.7,222
1658380677.6,226
1658399111.6000001,229
1658404336.6999998,230
1658402800.0,230
1658412472.0,231
1658424229.3,233
1658453586.8,237
1658483793.8000002,241
1658485421.5,242
1658488265.3,242
1658486028.8,242
1658486868.7,242
1658483793.8000002,242
1658497053.2,243
1658494700.6000001,243
1658494700.6000001,244
1658518974.8000002,246
1658530430.3,248
1658572706.1,254
1658572624.8,254
1658571982.3999999,254
1658572941.9,254
1658575590.0,254
1658578036.7,255
1658578659.8,255
1658582378.1,255
1658579619.4,255
1658588251.6000001,256
1658590849.1,256
1658586673.9,256
1658584784.6,256
1658598265.3000002,257
1658594180.4,257
1658594291.0,257
1658594476.9,257
1658617132.0,260
1658656744.3999999,265
1658660165.8999999,266
1658656744.3999999,266
1658657774.3,266
1658661583.1000001,266
1658659276.7,266
1658662321.3999999,266
1658662015.1,266
1658669506.6000001,267
1658667793.3000002,267
1658668335.9,267
1658671601.7,268
1658674455.6000001,268
1658674164.0,268
1658675711.7,268
1658684057.3000002,269
1658683987.1,269
1658680369.2,269
1658679932.4,269
1658678832.0,269
1658690759.8,270
1658691408.2,270
1658706712.3,272
1658706255.1,272
1658744913.2,279
1658746360.1,279
1658747932.8000002,279
1658746520.8999999,279
1658748269.3999999,279
1658747098.2,279
1658791253.2,285
1658829745.7,290
1658837342.5,291
1658833006.4,291
1658831504.2,291
1658831549.3000002,291
1658844607.8000002,292
1658839070.9,292
1658848947.3,293
1658847416.3999999,293
1658850999.0,293
1658848947.3,294
1658853898.1,294
1658855963.0,294
1658862655.7,295
1658876427.5,297
1658886290.6,298
1658904674.7,301
1658903514.1,301
1658910091.2,301
1658916456.7,302
1658910091.2,302
1658918502.0,303
1658918727.5,303
1658923300.4,303
1658930565.6,304
1659462044.5,306
1659464576.8,306
1659472746.2,307
1659473701.2,307
1659473701.2,308
1659490934.8,310
1659523126.3000002,314
1659521488.4,314
1659524397.3999999,315
1659530356.3,315
1659531130.2,315
1659527316.8,315
1659530869.1,315
1659529035.2,315
1659530517.2,315
1659525060.8000002,315
1659526030.6,315
1659530044.6999998,315
1659533225.4,316
1659536425.8999999,316
1659535928.4,316
1659531130.2,316
1659535591.9,316
1659532546.9,316
1659543616.0,317
1659543847.2,317
1659542309.6000001,317
1659541571.1,317
1659544324.5,317
1659542972.8000002,317
1659545344.5,317
1659543786.9,317
1659541335.0,317
1659546027.8,318
1659550429.2,318
1659548153.0,318
1659546701.0,318
1659546153.3000002,318
1659547349.2,318
1659559965.4,319
1659553097.0,319
1659556729.5,319
1659555950.6,319
1659558915.3000002,319
1659558558.6000001,319
1659559965.4,320
1659578092.8,322
1659608591.7,326
1659610169.3999999,326
1659612264.8,327
1659613430.0,327
1659611330.1000001,327
1659631201.8,329
1659633291.7,330
1659660187.3,333
1659678074.6000001,336
1659696860.9,338
1659694645.2,338
1659696846.0,338
1659696006.7,338
1659696860.9,339
1659698443.7,339
1659696846.0,339
1659698986.3000002,339
1659698498.9,339
1659706553.1000001,340
1659704568.4,340
1659706196.2,340
1659710351.5,340
1659705839.7,340
1659705548.2,340
1659710648.0,340
1659717676.9,341
1659715682.2,341
1659715808.0,341
1659723369.8000002,342
1659742311.6,345
1659780196.1000001,350
1659782175.7,350
1659782406.4,350
1659785019.6,351
1659799062.7,388
1659799062.7,389
1659806001.5,407
1659806001.5,408
1659812070.8,411
1659827199.2,413
1659836238.3,414
1659836238.3,415
1659851573.0,417
1659855919.2,417
1659862069.2,418
1659866560.6,419
1659867892.1,419
1659868881.8,419
1659913262.3,425
1659916829.6000001,426
1659960291.5,433
1659961824.1,433
1659972450.7,434
1659966763.1,434
1659972867.8,434
1659969822.9,434
1659979183.5,435
1659976686.3000002,435
1659973686.8,435
1659978128.3000002,435
1659976886.8999999,435
1659982956.9,436
1659989106.8,437
1659990669.2,437
1659989337.7,437
1660001044.1,438
1660042446.1,444
1660044993.1000001,444
1660039968.9,444
1660051178.4,445
1660055796.0,446
1660058825.6000001,446
1660058951.1,446
1660057252.8,446
1660054388.8,446
1660063779.8,447
1660062699.5,447
1660064292.1,447
1660069708.5,448
1660095644.3,451
1660095644.3,452
1660128871.1000001,456
1660127926.3,456
1660130000.9,456
1660134558.7,457
1660134664.4,457
1660135267.1,457
1660149521.3,457
1660144085.2,458
1660141743.8,458
1660139954.8999999,458
1660151083.9,459
1660149571.8,459
1660152320.0,459
1660148722.5,459
1660152671.7,459
1660149521.3,459
1660155389.8999999,460
1660154108.8000002,460
1660172663.6999998,462
1660181813.1999998,463
1660187511.3,464
1660205096.6,467
1660212763.8,468
1660214321.6,468
1660211487.7,468
1660213618.0,468
1660219451.5,469
1660220476.2,469
1660230379.6000001,470
1660231630.6,470
1660230314.1000001,470
1660237609.8,471
1660245297.2,472
1660267745.2,475
1660297214.1,479
1660302565.5,480
1660300093.3999999,480
1660299465.4,480
1660299641.3000002,480
1660301819.1,480
1660298279.5,480
1660315804.9,484
1660313945.9,484
1660317950.3000002,485
1660346830.6,490
1660384141.7,495
1660386744.3999999,496
1660391356.8,496
1660386317.5,496
1660387508.3,496
1660385794.7,496
1660390749.2,496
1660404048.9,498
1660400556.8,498
1660407293.3,499
1660406817.2,499
1660410038.1,499
1660407576.0,499
1660406988.0,499
1660411133.3000002,499
1660411108.2,499
1660416574.7,500
1660431095.2,502
1660386744.3999999,503
1660444962.6,504
1660470777.8,507
1660473179.6,508
1660474983.7,508
1660475209.6000001,508
1660473104.6,508
1660472958.9,508
1660472436.2,508
1660483218.8,509
1660479631.2,509
1660485685.6,509
1660483550.2,509
1660490167.3999999,510
1660485685.6,510
1660492745.1,510
1660490760.5,510
1660488172.8000002,510
1660494091.5,511
1660497317.4,511
1660497362.3999999,511
1660492745.1,511
1660495408.0,511
1660498940.2,511
1660503728.4,512
1660495408.0,512
1660500603.2,512
1660502226.2,512
1660510350.5,513
1660518112.9,514
1660557840.6999998,519
1660559283.1,520
1660557840.6999998,520
1660563664.5,520
1660561836.0,520
1660560268.1000001,520
1660559163.0,520
1660564945.8999999,520
1660562936.3000002,520
1660568161.8,521
1660570502.8,521
1660564945.8999999,521
1660590394.7,525
1660587274.5,525
1660588510.6000001,525
1660589967.7,525
1660596142.8,526
1660598092.2,526
1660603833.7,527
1660643055.3999999,532
1660651039.6000001,533
1660648984.6000001,533
1660650285.9,533
1660645100.8,533
1660646598.0,533
1660652290.4,534
1660653692.6,534
1660656561.4,534
1660653958.6,534
1660656265.1,534
1660653049.4,534
1660658103.7,534
1660658309.8,534
1660656084.0,534
1660655179.5,534
1660665072.9,535
1660661188.8,535
1660661374.8000002,535
1660663937.2,535
1660659299.6,535
1660659169.2,535
1660662791.8,535
1660667660.3,536
1660670463.8999999,536
1660666972.1,536
1660672850.6000001,536
1660671795.6,536
1660668293.4,536
1660674005.8999999,537
1660672850.6000001,537
1660673629.5,537
1660676448.2,537
1660685904.1,538
1660691008.9,539
1660701358.3,540
1660733349.8,545
1660734726.5,545
1660732344.7,545
1660734786.7,545
1660740549.5,546
1660744710.0,546
1660745818.4,546
1660748357.7,547
1660745818.4,547
1660778654.7,551
1660786407.4,552
1660801124.2,554
1660812379.0,556
1660819995.8,557
1660817623.7,557
1660819825.0,557
1660819226.5,557
1660828562.5,558
1660826427.3,558
1660831908.7,559
1660844424.7,560
1660840194.1000001,560
1660846801.3,561
1660855915.5,562
1660861035.2,563
1660863964.6,563
1660873342.8000002,564
1660906355.6,569
1660906260.3000002,569
1660908943.3000002,569
1660907345.7,569
1660904778.0,569
1660927242.4,571
1660922730.2,571
1660932000.4,572
1660929297.4,572
1660927242.4,572
1660929226.9,572
1660952354.1,575
1660995760.3,581
1660991288.2,581
1660992971.6000001,581
1660992288.6,581
1661001451.1,582
1661011828.3999999,583
1661018988.4,584
1661011828.3999999,584
1661014441.1,584
1661018988.4,585
1661028806.1,586
1661036874.6,587
1661045748.5,588
1661049325.9,589
1661076502.3,592
1661079969.7,593
1661078171.0,593
1661078472.5,593
1661082683.0,593
1661082094.3,593
1661076502.3,593
1661084501.1000001,594
1661087054.3,594
1661084426.4,594
1661097585.1,595
1661092485.7,595
1661097585.1,596
1661108659.2,597
1661117919.1,598
1661126852.5,599
1661144367.9,604
1661162435.5,604
1661167254.1000001,605
1661165631.2,605
1661170449.4,605
1661164842.2,605
1661164997.9,605
1661176378.4,606
1661170449.4,606
1661177609.4,606
1661174483.8,606
1661177609.4,607
1661174483.8,607
1661182880.0,607
1661193245.4,609
1661196375.7,609
1661209258.4,611
1661249041.5,616
1661249991.3000002,617
1661255136.3000002,617
1661250885.6000001,617
1661274465.3000002,619
1661274465.3000002,620
1661295869.3000002,623
1661338696.0,629
1661337361.0,629
1661337054.3999999,629
1661359257.5,632
1661390830.0,636
1661412983.6000001,639
1661412958.5,639
1661420550.3,640
1661422448.0,640
1661423560.0,641
1661423173.2,641
1661423399.4,641
1661422448.0,641
1661426574.6,641
1661436086.0,642
1661433357.7,642
1661432654.1000001,642
1661439728.7,643
1661438070.3,643
1661445089.6,644
1661446988.8999999,644
1661445230.3,644
1661468071.5,647
1661478024.9,648
1661491475.2,650
1661498956.6000001,651
1661509734.0,653
1661510039.8999999,653
1661514944.4,654
1661509734.0,654
1661516632.5,654
1661510039.8999999,654
1661515064.9,654
1661513070.2,654
1661517501.8,655
1661518456.5,655
1661522274.9,655
1661519235.2,655
1661524178.8999999,655
1661525641.3000002,656
1661529846.9,656
1661524515.8000002,656
1661529062.7,656
1661531539.8999999,656
1661524178.8999999,656
1661531238.5,656
1661533700.5,657
1661531539.8999999,657
1661533650.3,657
1661531238.5,657
1661532263.6,657
1661595410.5,665
1661598676.5,666
1661597378.9,666
1661597304.8,666
1661610559.2,667
1661610559.2,668
1661619723.6,669
1661620386.7,669
1661628401.0,670
1661650477.8999999,673
1661665048.6,675
1661671023.1000001,676
1661682418.5,677
1661684619.2,678
1661684638.9,678
1661686930.3,678
1661684574.0,678
1661685290.8,678
1661684322.7,678
1661695662.8,679
1661728260.4,684
1661763713.8,689
1661763482.3999999,689
1661770044.2,690
1661770099.7,690
1661770345.8,690
1661768411.1999998,690
1661772616.6999998,691
1661815676.3000002,697
1661856123.0,702
1661855394.3,702
1661855705.9,702
1661899383.2,708
1661910276.1,710
1661940985.1999998,714
1661939995.5,714
1661944210.5,714
1661941909.9,714
1661945346.8,715
1661944210.5,715
1661950938.3000002,715
1661957189.3,717
1662009312.5,724
1662016472.3,725
1662025988.5,726
1662022597.0,726
1662027324.6,727
1662029500.6000001,727
1662028405.2,727
1662035359.3,728
1662045428.0,729
1662042092.0,729
1662047026.1,729
1662054878.9,730
1662063390.5,732
1662073087.2,733
1662082498.4,734
1662089105.3,735
1662096461.2,736
1662103043.3000002,737
1662116322.7,739
1662115106.8,739
1662113880.8,739
1662116076.5,739
1662116176.9,739
1662112840.7,739
1662113750.3000002,739
1662159471.8,745
1662155593.7,745
1662171722.1000001,747
1662187217.5,749
1662199336.1,751
1662200914.2,751
1662202587.2,751
1662201396.3,751
1662206777.7,752
1662205772.7,752
1662246239.5,757
1662254811.0,758
1662254931.5,758
1662254811.0,759
1662254931.5,759
1662260503.8,759
1662269427.1000001,761
1662271833.8000002,761
1662275943.7,761
1662277119.3,762
1662281827.4,762
1662281179.4,762
1662289253.3,763
1662286017.4,763
1662288308.7,763
1662287977.3000002,763
1662287213.6000001,763
1662287775.4,763
1662291182.8,764
1662332201.0,769
1662347446.5,771
1662355405.2,773
1662362283.5,773
1662359977.3000002,773
1662363730.7,774
1662377090.3999999,775
1662374070.8000002,775
1662374075.8,775
1662372517.6000001,775
1662374808.6,775
1662377090.3999999,776
1662388038.7,778
1662397615.2,779
1662398660.4,779
1662419697.5,782
1662446964.8,786
1662460742.1,788
1662462947.4,788
1662462515.7,788
1662461797.1000001,788
1662475091.9,790
1662506931.1,794
1662514759.2,795
1662525567.2,797
1662549724.7,800
1662549237.0,800
1662550221.8,800
1662548398.4,800
1662547132.0,800
1662555588.2,801
1662569113.8,803
1662603199.1,807
1662621960.7,810
1662636330.6000001,812
1662634557.2,812
1662636647.2,812
1662638345.1000001,812
1662637436.0,812
1662646455.1,813
1662643435.1000001,813
1662658408.1000001,815
1662654865.9,815
1662663437.7,816
1662687991.7,819
1662707496.8,822
1662723328.8,824
1662720248.7,824
1662720108.0,824
1662723906.1999998,824
1662721821.4,824
1662720389.2,824
1662727579.4,825
1662732588.8,825
1662735322.1,826
1662753771.7,828
1662755530.4,828
1662755530.4,829
1662784657.0,833
1662794364.0,834
1662803312.1999998,835
1662805432.5,835
1662803930.3999999,835
1662805362.3999999,835
1662812853.7,836
1662807075.7,836
1662816436.2,837
1662850365.9,842
1662861118.7,843
1662892420.6,847
1662891174.7,847
1662895887.7,848
1662893727.0,848
1662892420.6,848
1662895731.8000002,848
1662896224.2,848
1662895379.8,848
1662893475.8,848
1662903504.6000001,849
1662908750.1000001,850
1662913236.9,850
1662912352.4,850
1662915744.2,851
1662914322.2,851
1662917713.7,851
1662920954.3,851
1662918834.1000001,851
1662931299.7,853
1662942499.2,854
1662937449.0,854
1662961099.7,857
1662977061.8,859
1662980162.2,860
1662985382.8,860
1662979936.1,860
1662980222.6000001,860
1662984729.3999999,860
1662986945.2,861
1662987503.1,861
1662988608.3000002,861
1662991939.3999999,861
1662986709.2,861
1662991306.4,861
1662986734.2,861
1662997129.8000002,862
1662995235.5,862
1662994838.7,862
1663000144.5,862
1662997622.1,862
1662993607.6000001,862
1663000707.1000001,862
1663002129.2,863
1663002696.6000001,863
1663006857.1,863
1663000707.1000001,863
1663024743.8,866
1663063844.0,871
1663068119.9,872
1663067391.0,872
1663068883.0,872
1663066577.4,872
1663066023.8999999,872
1663075797.0,873
1663073465.9,873
1663081680.7,874
1663080233.6000001,874
1663082288.7,874
1663081580.3000002,874
1663094186.6000001,875
1663094186.6000001,876
1663110610.9,878
1663120775.4,879
1663152051.6,884
1663149400.0,884
1663152424.8,884
1663150645.9,884
1663157142.6000001,885
1663154233.5,885
1663155831.1000001,885
1663163282.6,886
1663164629.0,886
1663174175.3,887
1663173115.4,887
1663197237.5,891
1663206572.3,892
1663226831.4,895
1663237498.1000001,896
1663238040.7,896
1663242125.6000001,897
1663242975.0,897
1663239980.1000001,897
1663238040.7,897
1663241884.1000001,897
1663248788.2,898
1663249250.4,898
1663247376.4,898
1663249400.8,898
1663250893.4,898
1663245863.4,898
1663254651.7,899
1663254455.6,899
1663255636.6,899
1663283335.9,903
1663292696.7,904
1663312075.8000002,907
1663324887.4,908
1663322139.8,908
1663323355.3999999,908
1663324887.4,909
1663326209.6,909
1663325435.9,909
1663326088.9,909
1663346578.6000001,912
1663370575.3,915
1663399053.8,919
1663405047.8000002,920
1663413021.3,921
1663414775.0,921
1663412499.0,921
1663412935.8,921
1663425461.3999999,922
1663419261.9,922
1663425461.3999999,923
1663428109.9,923
1663456332.0,927
1663467029.0,928
1663465587.1000001,928
1663470973.2,929
1663473284.5,929
1663481439.2,930
1663479554.8999999,930
1663480765.9,930
1663482187.7,930
1663476861.9,930
1663483247.8,930
1663477716.1000001,930
1663477680.9,930
1663483247.8,931
1663483735.3000002,931
1663485383.3000002,931
1663488654.1,931
1663486192.4,931
1663496552.7,932
1663492005.6,932
1663495809.0,932
1663496010.0,932
1663492412.5,932
1663500517.0,933
1663501586.8,933
1663500225.3,933
1663498673.0,933
1663541390.5,933
1663515032.3,935
1663541033.9,938
1663541957.4,939
1663541033.9,939
1663541114.4,939
1663541390.5,939
1663547028.1,939
1663549545.2,940
1663571949.3,943
1663575928.6,943
1663571622.4,943
1663580676.5,944
1663577631.8000002,944
1663582022.6000001,944
1663585193.5,945
1663588424.1000001,945
1663585323.8,945
1663584912.3,945
1663584957.5,945
1663599422.8,947
1663614993.4,949
1663628936.1,951
1663667845.5,956
1663670704.3000002,956
1663670307.1000001,956
1663670704.3000002,957
1663672251.6000001,957
1663673090.9,957
1663686677.0,959
1663687541.1000001,959
1663695434.5,960
1663711060.3,962
1663715110.1000001,963
1663724108.3,964
1663755803.1,968
1663753235.3999999,968
1663755149.2,968
1663758867.9,969
1663761686.6000001,969
1663758295.2,969
1663768047.5,970
1663768173.1000001,970
1663764686.2,970
1663769720.4,970
1663772931.2,971
1663772840.8000002,971
1663772951.3000002,971
1663772534.4,971
1663795249.8,974
1663810895.8000002,976
1663840781.1000001,980
1663839208.4,980
1663842539.6000001,980
1663842137.2,980
1663842630.1000001,980
1663845534.3,981
1663850568.5,981
1663847473.6000001,981
1663847448.3999999,981
1663852965.0,982
1663856175.9,982
1663853586.9,982
1663851181.6000001,982
1663851468.0,982
1663857813.8,982
1663859567.4,983
1663857813.8,983
1663878413.8999999,985
1663889260.8999999,987
1663898170.1000001,988
1663928431.7,992
1663929949.7,992
1663929391.8000002,992
1663933185.3000002,993
1663931522.2,993
1663929949.7,993
1663933662.7,993
1663937315.3,993
1663937315.3,994
1663951484.3,995
1663976746.6000001,1003
1663988876.0,1005
1663990448.7,1005
1663991393.2,1006
1664004009.6000001,1007
1664016746.3999999,1009
1664015977.5,1009
1664013736.7,1009
1664016499.8000002,1009
1664021705.5,1010
1664020816.2,1010
1664020670.6000001,1010
1664021790.8,1010
1664070683.7,1016
1664070683.7,1017
1664101945.2,1021
1664103161.6000001,1021
1664100216.9,1021
1664101297.0,1021
1664105990.5,1021
1664105472.9,1021
1664103191.8,1021
1664104940.1,1021
1664111255.8,1022
1664116632.0,1023
1664127751.0,1024
1664143558.0,1027
1664148311.1000001,1027
1664150441.1,1028
1664177201.6,1031
1664185587.4,1032
1664189983.3999999,1033
1664192209.1999998,1033
1664190506.2,1033
1664187667.4,1033
1664187848.0,1033
1664191164.4,1033
1664185587.4,1033
1664197796.5,1034
1664198500.0,1034
1664204961.3999999,1035
1664209011.0,1037
1664223175.0,1049
1664234113.0,1051
1664262702.2,1055
1664274946.8,1056
1664274549.3000002,1056
1664272896.6,1056
1664274946.8,1057
1664296189.8999999,1059
1664302349.9,1060
1664319980.4,1063
1664328813.5,1064
1664336686.9,1065
1664360899.5,1068
1664360708.6000001,1068
1664359015.4,1068
1664359567.6000001,1068
1664361924.5,1069
1664366486.5,1069
1664376259.2,1071
1664381911.7,1071
1664389196.9,1072
1664405872.8,1084
1664405872.8,1085
1664414942.3000002,1089
1664436994.5,1092
1664436994.5,1093
1664447766.9,1094
1664447133.8000002,1094
1664446726.8000002,1094
1664448053.4,1094
1664445641.1,1094
1664457413.9,1095
1664460855.6,1096
1664472949.3000002,1097
1664468055.6,1097
1664467844.6,1097
1664470542.7,1097
1664469190.6999998,1097
1664470045.1,1097
1664472949.3000002,1098
1664473778.2,1098
1664479410.7,1098
1664495805.3,1117
1664503462.5,1122
1664515878.0,1124
1664530875.6,1126
1664532810.0,1126
1664534593.8999999,1126
1664535945.5,1127
1664536548.5,1127
1664538251.8,1127
1664547014.2,1128
1664561600.2,1130
1664564640.1,1131
1664578904.1,1132
1664578904.1,1133
